-6.107 1
-1.382 1
7.044 1
-3.636 1
-4.462 1
-6.056 1
-6.846 1
-0.967 1
-0.046 1
-5.102 1
0.517 1
7.905 1
-0.918 1
-0.087 1
4.225 1
-2.099 1
-2.909 1
5.17 1
-2.555 1
-4.047 1
2.642 1
1.174 1
4.417 1
-8.18 1
-0.736 1
2.347 1
-0.983 1
1.649 1
-1.184 1
-1.984 1
3.185 1
0.948 1
7.506 1
-8.088 1
-4.09 1
-1.14 1
-0.079 1
5.567 1
1.336 1
-3.712 1
3.147 1
1.654 1
1.33 1
-3.352 1
-1.952 1
-6.755 1
4.492 1
-0.275 1
-2.186 1
-0.749 1
-2.554 2
8.1 2
-1.885 2
-7.091 2
5.971 2
4.043 2
0.278 2
-1.039 2
-4.311 2
-0.58 2
-0.604 2
-3.878 2
3.254 2
-3.016 2
-8.906 2
0.941 2
-6.685 2
2.044 2
6.685 2
0.902 2
-3.904 2
-3.85 2
1.077 2
6.131 2
5.317 2
-0.991 2
5.226 2
4.714 2
-4.971 2
2.146 2
-6.074 2
-6.822 2
-0.655 2
-5.359 2
-8.185 2
5.777 2
4.788 2
-7.592 2
4.275 2
-2.97 2
0.638 2
1.603 2
-1.602 2
7.516 2
-0.104 2
-3.741 2
-4.715 2
3.591 2
-0.265 2
6.176 2
