1.092 -3.973
1.741 -6.439
-1.077 4.266
0.96 -3.472
0.569 -1.987
-0.384 1.634
-1.576 6.161
-1.16 4.582
-0.918 3.664
0.155 -0.414
2.301 -8.566
-0.134 0.685
-1.019 4.045
-0.105 0.572
1.042 -3.783
-2.348 9.094
0.215 -0.642
0.574 -2.004
-0.118 0.624
-1.243 4.897
0.37 -1.23
-2.077 8.067
-1.108 4.384
-0.572 2.35
-0.721 2.916
-0.978 3.892
0.485 -1.669
-0.468 1.953
-1.812 7.058
1.155 -4.211
-1.401 5.496
0.538 -1.868
0.668 -2.362
0.097 -0.193
-0.372 1.589
1.296 -4.748
-0.853 3.416
-0.915 3.653
-0.37 1.58
0.2 -0.583
-0.817 3.277
-0.276 1.225
-0.484 2.015
1.292 -4.733
-0.495 2.054
-0.455 1.903
2.296 -8.547
-1.666 6.503
-0.694 2.811
-0.072 0.447
