0.199 0.128
1.146 0.709
-0.146 -3.164
1.23 0.841
-0.21 0.299
-0.224 -1.401
-0.724 0.655
-0.046 -0.335
-1.725 -0.64
0.756 -0.156
-2.096 -0.498
0.536 0.478
0.604 1.58
-0.921 -2.01
-0.394 1.166
-0.55 -0.849
-0.228 -0.209
2.819 1.37
-0.3 -0.423
2.595 2.231
-0.02 -0.978
0.198 -0.362
0.058 1.276
-0.638 -0.183
-1.718 0.128
1.486 -0.106
-1.648 1.94
-0.468 -0.555
0.88 -0.775
0.935 0.771
-1.363 -0.558
0.21 0.355
-0.087 -0.391
0.493 0.46
-0.252 0.309
0.748 0.686
1.775 0.783
-1.1 -1.197
0.097 0.672
2.426 0.67
0.655 -1.67
0.478 -0.719
0.343 -1.988
1.22 -0.222
0.581 -0.047
0.606 1.187
0.362 0.48
-0.759 -1.074
0.252 -0.885
0.231 0.372
